FOR GRASP:        N =  1872
                RNT =   0.412062E-06
                  H =   0.104167E-01
